Project 1;

[22,27,16,2,18,6] -> Insertion Sort

[2,27,16,22,18,6] n
[2,6,16,22,18,27] n-1
[2,6,16,22,18,27] n-2
[2,6,16,18,22,27] n-3   
Big-O notation = O(n^2)
18 -> Average case

Project 2
[16,21,11,8,12,22] -> Merge Sort

16,21,11                8,12,22

16   21,31               8    12,22
16   21  31              8  12  22 

16   21,31               8    12,22
16,21,31                   8,12,22
      8,12,16,21,22,31
Big-O notation = O(nlogn)      
      
Proje 3
[7, 5, 1, 8, 3, 6, 0, 9, 4, 2] -> Binary-Search-Tree 

Root = 8;
7<8 ->    8
        7
 5<8 and 5<7 ->      8       
                   7  
                 5
 1<8, 1<7,1<5  ->            8
                           7   
                         5
                       1
 3<8,3<7,3<5 but 3>1 ->               8
                                    7
                                  5
                                1
                                   3
                                   
6<8,6<7 bu 6>5 ->                           8
                                          7
                                        5 
                                          6
                                      1
                                          3
                                          
                                          
 0<8,7,5,6,1,3 ->                      8
                                    7
                                 5 
                                    6
                              1
                                 3     
                           0
                           

9>0,8,7,5,6,1,3 ->                    8
                                         9  
                                    7
                                 5 
                                    6
                              1
                                 3     
                           0
 
 
 4<8,4<7,4<5,4>1,3  ->              8
                                        9  
                                    7
                                 5 
                                    6
                              1
                                 3 
                                    4
                           0
                           
                           
2<8,2<7,2<5,2>1  ->                  8
                                        9  
                                    7
                                 5 
                                    6
                              1
                                2
                                  3 
                                     4
                           0                           
 
 
